blockade.png  (965,479) 
bluecanal.png  (1330,315)  (1555,1362)  (1599,1327)  (2097,1090)  (2161,1094)  (2055,1770)  (679,1319)  (708,1528)  (3331,1994)  (3366,1961)  (2013,1793)  (2990,1835)  (3037,1885)  (4318,896)  (4375,814)  (5066,466)  (6265,1827)  (6309,1842)  (6440,1548)  (6533,1574)  (6862,294)  (6842,219)  (1347,387)  (4653,2692)  (4606,2747)  (5105,1308)  (5152,1373)  (5079,435) 
Chinese.png  (3264,1113) 
Germans.png  (1354,576) 
Japanese.png  (4198,1085) 
Americans.png  (6416,952) 
French.png  (981,772) 
Russians.png  (2299,103) 
Italians.png  (1417,1083) 
British.png  (925,424) 
redcanal.png  (2501,504)  (2523,504) 