Belgrade  (1722,903)  (1755,951)  (1702,855)  (1750,855)  (1770,903) 
Mindanao  (3820,1871) 
South Japan  (4052,1198)  (4100,1165) 
Bordeaux  (843,903)  (851,855)  (872,951)  (824,956)  (844,807)  (872,999) 
Northeast USA  (6471,752)  (6423,799)  (6516,704)  (6564,663)  (6420,847) 
Wales  (821,365)  (829,317) 
Capetown  (1731,2653)  (1778,2701)  (1730,2701)  (1779,2620) 
Malacca Sea Zone  (3453,1937)  (3473,1985)  (3420,1889)  (3468,1889)  (3501,1937)  (3372,1856)  (3536,2091) 
Syria  (2199,1404)  (2214,1452)  (2232,1356) 
Bavaria  (1302,740)  (1254,754)  (1350,721)  (1350,769)  (1398,731) 
English Channel Sea Zone  (839,582)  (791,629)  (791,581)  (886,630)  (839,534)  (887,554)  (934,602)  (982,564)  (1030,547)  (1064,496)  (1067,447) 
Solomon Islands  (4677,2203) 
Arctic Sea Zone  (5918,13)  (5870,28)  (5966,2)  (5822,22)  (6014,2)  (6062,2)  (6110,2) 
Hubei  (3462,1297)  (3491,1345)  (3458,1249)  (3506,1249) 
Panama  (6176,1770) 
Kamchatka  (4257,167)  (4209,159)  (4304,215)  (4256,215)  (4257,119)  (4305,128)  (4161,138)  (4352,176)  (4378,224)  (4384,109)  (4113,134)  (4400,157)  (4426,205)  (4426,253)  (4333,339)  (4065,133)  (4448,123)  (4474,171)  (4474,219)  (4330,387)  (4017,127)  (3998,79)  (4522,136) 
Ottawa  (6564,454)  (6601,502)  (6551,406)  (6599,406)  (6612,454) 
Okhotsk Sea Zone  (4077,370)  (4029,386)  (4125,329)  (4125,377)  (4058,434)  (4145,425)  (4173,334)  (4193,382)  (4193,430)  (4221,322)  (4269,305) 
Central Africa  (1080,2000)  (1032,2006)  (1128,1968)  (1128,2016)  (984,2007)  (936,2008) 
Malaya  (3356,1914) 
North Russia  (2064,336)  (2112,291)  (2112,339) 
Volga  (2614,293)  (2566,275)  (2661,341)  (2613,341)  (2614,245)  (2662,245)  (2662,293)  (2547,227)  (2709,341)  (2709,389)  (2661,389)  (2613,389)  (2595,197)  (2643,197)  (2710,201)  (2710,249)  (2757,297)  (2722,437)  (2674,437)  (2626,437)  (2758,200)  (2758,248)  (2578,460)  (2530,486) 
Argentina  (6640,2576)  (6592,2623)  (6592,2575)  (6644,2624)  (6640,2528)  (6688,2528)  (6688,2576)  (6590,2527)  (6647,2672)  (6638,2480)  (6686,2480)  (6736,2554)  (6564,2479)  (6640,2720)  (6612,2432)  (6660,2432)  (6708,2432)  (6556,2431)  (6661,2768)  (6604,2384)  (6652,2384) 
Warsaw  (1776,531)  (1820,579)  (1772,579)  (1762,483)  (1810,483)  (1824,531) 
Hokkaido  (4329,725)  (4319,677)  (4377,717)  (4377,765) 
British Columbia  (5775,392)  (5822,440)  (5774,440)  (5777,344)  (5823,392)  (5825,342)  (5870,440)  (5871,390)  (5873,320)  (5918,438)  (5919,368)  (5921,320) 
California  (5644,973)  (5691,1021)  (5630,925)  (5692,973)  (5739,1021)  (5742,1069)  (5704,728) 
West Ukraine  (1892,662)  (1939,710)  (1891,710)  (1921,614) 
Irkutsk  (3403,432)  (3355,460)  (3355,412)  (3450,480)  (3403,384)  (3451,384)  (3451,432)  (3307,460)  (3307,412)  (3498,480)  (3492,528)  (3499,375)  (3499,423)  (3259,486)  (3546,471)  (3547,394) 
East Poland  (1753,646)  (1705,659)  (1801,644)  (1700,611) 
North Sea Zone  (1151,402)  (1103,380)  (1198,450)  (1151,354)  (1199,354)  (1199,402)  (1247,433) 
Central Russia  (2240,261)  (2192,287)  (2243,309)  (2197,213)  (2288,247)  (2336,248)  (2384,242)  (2432,197)  (2432,245) 
Finland  (1761,159)  (1713,206)  (1808,207)  (1765,111)  (1809,159)  (1715,73) 
Sumatra  (3360,2028) 
London  (933,463)  (953,511)  (910,415)  (958,415)  (981,463) 
Cyrenaica  (1622,1790)  (1669,1838)  (1621,1838)  (1626,1742)  (1670,1790)  (1674,1738)  (1717,1838)  (1718,1786)  (1722,1733) 
Georgia  (2369,811)  (2321,780)  (2417,822) 
Bismarck  (4374,2100) 
Sydney  (4273,2673)  (4225,2675)  (4297,2721)  (4244,2625)  (4292,2625)  (4321,2673) 
Tasman Sea Zone  (4430,2673)  (4477,2721)  (4429,2721)  (4398,2625)  (4446,2625)  (4478,2673)  (4494,2609)  (4381,2742)  (4452,2769)  (4375,2577)  (4423,2577)  (4526,2657)  (4526,2705)  (4333,2776)  (4542,2608)  (4285,2782)  (4574,2656) 
Yemen  (2457,1917)  (2505,1881) 
Atlantic Sea Zone 2  (158,927)  (110,974)  (110,926)  (205,975)  (158,879)  (206,879)  (206,927)  (108,878)  (157,1022)  (109,1022)  (62,974)  (62,926)  (253,975)  (253,1023)  (205,1023)  (61,1023)  (156,831)  (204,831)  (252,831)  (254,879)  (254,927)  (60,878)  (60,830)  (108,830)  (300,785)  (157,1070)  (109,1070)  (14,975)  (14,927)  (301,975)  (301,1023)  (301,1071)  (253,1071)  (205,1071)  (61,1071)  (13,1071)  (13,1023)  (156,783)  (204,783)  (252,783)  (302,833)  (302,881)  (12,879)  (12,831)  (12,783)  (60,782)  (108,782)  (300,737)  (348,737)  (348,785)  (349,929)  (349,977)  (349,1025)  (349,1073) 
Barents Sea Zone  (1130,28)  (1082,64)  (1082,16)  (1178,2)  (1178,50)  (1034,64)  (1034,16)  (1226,2)  (1226,50)  (986,40)  (1274,2)  (1274,50)  (1322,2)  (1322,50)  (1370,2)  (1370,50)  (1418,2)  (1418,50)  (1466,2) 
Atlantic Sea Zone 9  (6922,1354)  (6874,1401)  (6874,1353)  (6969,1402)  (6922,1306)  (6970,1306)  (6970,1354)  (6872,1305)  (6921,1449)  (6873,1449)  (6826,1401)  (7017,1402)  (7017,1450)  (6969,1450)  (6825,1450)  (6920,1258)  (6968,1258)  (7016,1258)  (7018,1306)  (7018,1354)  (7064,1212)  (6921,1497)  (6873,1497)  (7065,1402)  (7065,1450)  (7065,1498)  (7017,1498)  (6969,1498)  (6930,1210)  (6978,1210)  (7066,1260)  (7066,1308)  (7026,1164)  (7074,1164)  (7112,1212)  (7113,1356)  (7113,1404)  (7113,1452)  (7113,1500)  (6931,1162)  (7114,1260)  (7114,1308)  (6979,1116)  (7027,1116)  (7075,1116)  (6926,1114)  (6974,1068)  (7022,1068)  (7070,1068)  (6905,1066)  (7118,1066) 
Maritime Canada  (6690,557)  (6601,558) 
Lake Victoria Sea Zone  (1971,2202) 
Atlantic Sea Zone 7  (830,2598)  (782,2645)  (782,2597)  (877,2646)  (830,2550)  (878,2550)  (878,2598)  (780,2549)  (829,2693)  (781,2693)  (734,2645)  (734,2597)  (925,2646)  (925,2694)  (877,2694)  (733,2694)  (828,2502)  (876,2502)  (924,2502)  (926,2550)  (926,2598)  (732,2549)  (732,2501)  (780,2501)  (972,2456)  (829,2741)  (781,2741)  (686,2646)  (686,2598)  (973,2646)  (973,2694)  (973,2742)  (925,2742)  (877,2742)  (733,2742)  (685,2742)  (685,2694)  (828,2454)  (876,2454)  (924,2454)  (974,2504)  (974,2552)  (684,2550)  (684,2502)  (684,2454)  (732,2453)  (780,2453)  (972,2408)  (1020,2408)  (1020,2456)  (829,2789)  (781,2789)  (638,2646)  (638,2598) 
Madagascar  (2242,2601)  (2264,2649)  (2267,2697) 
Atlantic Sea Zone 8  (1025,2227)  (977,2274)  (977,2226)  (1072,2275)  (1025,2179)  (1073,2179)  (1073,2227)  (975,2178)  (1024,2322)  (976,2322)  (929,2274)  (929,2226)  (1120,2275)  (1120,2323)  (1072,2323)  (928,2323)  (1023,2131)  (1071,2131)  (1119,2131)  (1121,2179)  (1121,2227)  (927,2178)  (927,2130)  (975,2130)  (1167,2101)  (1168,2275)  (1168,2323)  (1023,2083)  (1071,2083)  (1169,2149)  (1169,2197)  (924,2082)  (972,2082)  (1216,2245)  (1216,2293)  (1216,2341)  (1264,2229)  (1264,2277)  (1264,2325)  (1312,2273) 
Atlantic Sea Zone 5  (175,2573)  (127,2620)  (127,2572)  (222,2621)  (175,2525)  (223,2525)  (223,2573)  (125,2524)  (174,2668)  (126,2668)  (79,2620)  (79,2572)  (270,2621)  (270,2669)  (222,2669)  (78,2669)  (173,2477)  (221,2477)  (269,2477)  (271,2525)  (271,2573)  (77,2524)  (77,2476)  (125,2476)  (317,2431)  (174,2716)  (126,2716)  (31,2621)  (31,2573)  (318,2621)  (318,2669)  (318,2717)  (270,2717)  (222,2717)  (78,2717)  (30,2717)  (30,2669)  (173,2429)  (221,2429)  (269,2429)  (319,2479)  (319,2527)  (29,2525)  (29,2477)  (29,2429)  (77,2428)  (125,2428)  (317,2383)  (365,2383)  (365,2431)  (174,2764)  (126,2764) 
Atlantic Sea Zone 6  (655,2207)  (607,2254)  (607,2206)  (702,2255)  (655,2159)  (703,2159)  (703,2207)  (605,2158)  (654,2302)  (606,2302)  (559,2254)  (559,2206)  (750,2255)  (750,2303)  (702,2303)  (558,2303)  (653,2111)  (701,2111)  (749,2111)  (751,2159)  (751,2207)  (557,2158)  (557,2110)  (605,2110)  (797,2065)  (654,2350)  (606,2350)  (798,2255)  (798,2303)  (798,2351)  (750,2351)  (702,2351)  (558,2351)  (653,2063)  (701,2063)  (749,2063)  (799,2113)  (799,2161)  (528,2062)  (576,2062)  (845,2063)  (846,2209)  (846,2257)  (846,2305)  (846,2353)  (847,2111)  (847,2159)  (528,2014)  (576,2014) 
Atlantic Sea Zone 3  (173,1435)  (125,1482)  (125,1434)  (220,1483)  (173,1387)  (221,1387)  (221,1435)  (123,1386)  (172,1530)  (124,1530)  (77,1482)  (77,1434)  (268,1483)  (268,1531)  (220,1531)  (76,1531)  (171,1339)  (219,1339)  (267,1339)  (269,1387)  (269,1435)  (75,1386)  (75,1338)  (123,1338)  (315,1293)  (172,1578)  (124,1578)  (29,1483)  (29,1435)  (316,1483)  (316,1531)  (316,1579)  (268,1579)  (220,1579)  (76,1579)  (28,1579)  (28,1531)  (171,1291)  (219,1291)  (267,1291)  (317,1341)  (317,1389)  (27,1387)  (27,1339)  (27,1291)  (75,1290)  (123,1290)  (315,1245)  (363,1245)  (363,1293)  (172,1626)  (124,1626) 
Atlantic Sea Zone 4  (162,1988)  (114,2035)  (114,1987)  (209,2036)  (162,1940)  (210,1940)  (210,1988)  (112,1939)  (161,2083)  (113,2083)  (66,2035)  (66,1987)  (257,2036)  (257,2084)  (209,2084)  (65,2084)  (160,1892)  (208,1892)  (256,1892)  (258,1940)  (258,1988)  (64,1939)  (64,1891)  (112,1891)  (304,1846)  (161,2131)  (113,2131)  (18,2036)  (18,1988)  (305,2036)  (305,2084)  (305,2132)  (257,2132)  (209,2132)  (65,2132)  (17,2132)  (17,2084)  (160,1844)  (208,1844)  (256,1844)  (306,1894)  (306,1942)  (16,1940)  (16,1892)  (16,1844)  (64,1843)  (112,1843)  (304,1798)  (352,1798)  (352,1846)  (353,1990)  (353,2038)  (353,2086)  (353,2134) 
South Australia  (4007,2525)  (3959,2533)  (4055,2495)  (4055,2543)  (4084,2591)  (3911,2527)  (4103,2495)  (4103,2543)  (4132,2591) 
Indian Sea Zone 2  (2513,2422)  (2465,2469)  (2465,2421)  (2560,2470)  (2513,2374)  (2561,2374)  (2561,2422)  (2463,2373)  (2512,2517)  (2464,2517)  (2417,2469)  (2417,2421)  (2608,2470)  (2608,2518)  (2560,2518)  (2416,2518)  (2511,2326)  (2559,2326)  (2607,2326)  (2609,2374)  (2609,2422)  (2415,2373)  (2415,2325)  (2463,2325)  (2655,2280)  (2512,2565)  (2464,2565)  (2369,2470)  (2369,2422)  (2656,2470)  (2656,2518)  (2656,2566)  (2608,2566)  (2560,2566)  (2416,2566)  (2368,2566)  (2368,2518)  (2511,2278)  (2559,2278)  (2607,2278)  (2657,2328)  (2657,2376)  (2367,2374)  (2367,2326)  (2367,2278)  (2415,2277)  (2463,2277)  (2655,2232)  (2703,2232)  (2703,2280)  (2321,2467) 
Indian Sea Zone 3  (2789,2058)  (2741,2105)  (2741,2057)  (2836,2106)  (2789,2010)  (2837,2010)  (2837,2058)  (2739,2009)  (2788,2153)  (2740,2153)  (2693,2105)  (2693,2057)  (2884,2106)  (2884,2154)  (2836,2154)  (2692,2154)  (2787,1962)  (2835,1962)  (2883,1962)  (2885,2010)  (2885,2058)  (2691,2009)  (2931,1916)  (2932,2106)  (2932,2154)  (2874,1914)  (2933,1964)  (2933,2012)  (2979,1889)  (2980,2060)  (2980,2108)  (2980,2156)  (2981,1937)  (2981,1985) 
Yakutsk  (3547,196)  (3499,243)  (3499,195)  (3594,244)  (3547,148)  (3595,148)  (3595,196)  (3497,147)  (3546,291)  (3498,291)  (3451,243)  (3451,195)  (3642,244)  (3631,292)  (3450,291)  (3545,100)  (3593,100)  (3641,100)  (3643,148)  (3643,196)  (3449,147)  (3449,99)  (3497,99)  (3689,84)  (3690,244)  (3545,52)  (3593,52)  (3641,52)  (3691,132)  (3691,180)  (3401,176)  (3418,51)  (3466,51)  (3738,228)  (3739,93)  (3739,141)  (3786,189)  (3786,237)  (3787,87)  (3787,135)  (3834,246)  (3835,85)  (3835,133)  (3883,85)  (3883,133)  (3931,69)  (3931,117) 
Indian Sea Zone 4  (3121,2132)  (3073,2179)  (3073,2131)  (3168,2180)  (3121,2084)  (3169,2084)  (3169,2132)  (3071,2083)  (3120,2227)  (3072,2227)  (3216,2180)  (3216,2228)  (3168,2228)  (3119,2036)  (3167,2036)  (3215,2036)  (3217,2084)  (3217,2132)  (3050,2035)  (3263,1990)  (3120,2275)  (3072,2275)  (3264,2180)  (3264,2228)  (3264,2276)  (3216,2276)  (3168,2276)  (3098,1988)  (3146,1988)  (3194,1988)  (3265,2038)  (3265,2086)  (3050,1987)  (3312,2185)  (3312,2233)  (3312,2281)  (3098,1940)  (3146,1940)  (3194,1940)  (3313,2062)  (3360,2244)  (3360,2292)  (3408,2253)  (3408,2301)  (3456,2253)  (3456,2301)  (3504,2234)  (3504,2282)  (3536,2186)  (3552,2234)  (3552,2282) 
Sweden  (1480,215)  (1527,263)  (1479,263)  (1488,167)  (1528,215)  (1536,159)  (1431,300)  (1527,311)  (1479,311)  (1528,111)  (1576,111)  (1510,359)  (1462,359)  (1624,74) 
East India  (3118,1416)  (3150,1464)  (3132,1368)  (3166,1416)  (3137,1512)  (3214,1370) 
Indian Sea Zone 5  (3179,2651)  (3131,2698)  (3131,2650)  (3226,2699)  (3179,2603)  (3227,2603)  (3227,2651)  (3129,2602)  (3178,2746)  (3130,2746)  (3083,2698)  (3083,2650)  (3274,2699)  (3274,2747)  (3226,2747)  (3082,2747)  (3177,2555)  (3225,2555)  (3273,2555)  (3275,2603)  (3275,2651)  (3081,2602)  (3081,2554)  (3129,2554)  (3321,2509)  (3178,2794)  (3130,2794)  (3322,2699)  (3322,2747)  (3322,2795)  (3274,2795)  (3226,2795)  (3082,2795)  (3177,2507)  (3225,2507)  (3273,2507)  (3323,2557)  (3323,2605)  (3051,2506)  (3099,2506)  (3321,2461)  (3369,2461)  (3369,2509)  (3178,2842)  (3130,2842)  (3370,2653)  (3370,2701)  (3370,2749)  (3370,2797)  (3322,2843)  (3274,2843)  (3226,2843)  (3082,2843) 
Siberia  (2999,214)  (2951,261)  (2951,213)  (3046,262)  (2999,166)  (3047,166)  (3047,214)  (2949,165)  (2998,309)  (2950,309)  (2903,261)  (2903,213)  (3094,262)  (3094,310)  (3046,310)  (2902,310)  (2997,118)  (3045,118)  (3093,118)  (3095,166)  (3095,214)  (2901,165)  (2901,117)  (2949,117)  (3141,72)  (2998,357)  (2950,357)  (2855,262)  (3142,262)  (3142,310)  (3142,358)  (3094,358)  (3046,358)  (2902,358)  (2854,358)  (2854,310)  (2997,70)  (3045,70)  (3093,70)  (3143,120)  (3143,168)  (2853,136)  (2853,88)  (2901,69)  (2949,69)  (2824,40)  (3141,24)  (3189,24)  (3189,72)  (3190,216)  (3190,264)  (3190,312)  (3190,360) 
Shanxi  (3457,906)  (3409,919)  (3409,871)  (3457,858)  (3505,858)  (3505,906)  (3549,954)  (3553,876)  (3597,924) 
Bulgaria  (1948,1029)  (1996,996)  (1996,1044)  (2044,986) 
Indian Sea Zone 1  (2500,2811)  (2452,2858)  (2452,2810)  (2547,2859)  (2500,2763)  (2548,2763)  (2548,2811)  (2450,2762)  (2499,2906)  (2451,2906)  (2404,2858)  (2404,2810)  (2595,2859)  (2595,2907)  (2547,2907)  (2403,2907)  (2498,2715)  (2546,2715)  (2594,2715)  (2596,2763)  (2596,2811)  (2402,2762)  (2402,2714)  (2450,2714)  (2642,2669)  (2356,2859)  (2356,2811)  (2643,2859)  (2643,2907)  (2355,2950)  (2498,2667)  (2546,2667)  (2594,2667)  (2644,2717)  (2644,2765)  (2354,2763)  (2354,2715)  (2354,2667)  (2402,2666)  (2450,2666)  (2690,2633)  (2308,2902)  (2308,2854)  (2691,2813)  (2691,2861)  (2691,2909)  (2307,2950)  (2692,2681)  (2692,2729)  (2306,2806)  (2738,2633) 
Calcutta  (2994,1346)  (3032,1394)  (2978,1298)  (3026,1298)  (3042,1346) 
Java  (3546,2142) 
Shanghai  (3713,1223)  (3754,1271)  (3696,1175)  (3744,1175)  (3761,1223) 
East Black Sea Zone  (2292,889)  (2244,872)  (2331,937)  (2283,937)  (2292,841)  (2340,868) 
Hawaii  (5454,1518) 
Philippine Sea Zone  (3852,1579)  (3804,1626)  (3804,1578)  (3899,1627)  (3852,1531)  (3900,1531)  (3900,1579)  (3851,1674)  (3803,1674)  (3947,1627)  (3947,1675)  (3899,1675)  (3836,1483)  (3884,1483)  (3932,1483)  (3948,1531)  (3948,1579)  (3980,1451)  (3851,1722)  (3803,1722)  (3995,1627)  (3865,1435)  (3913,1435)  (3996,1499)  (3996,1547)  (4043,1595)  (3896,1387)  (4044,1497)  (4044,1545)  (4091,1593)  (4092,1545) 
Equatorial Africa  (1641,2046)  (1593,2080)  (1688,2094)  (1627,1998)  (1675,1998)  (1689,2046)  (1736,2094)  (1638,1950)  (1686,1950) 
South France  (996,958)  (948,1005)  (948,957)  (996,910)  (1044,910)  (1044,958)  (946,909)  (1092,898)  (1092,946)  (1092,994) 
Sicily  (1446,1387)  (1494,1377) 
Cuba  (6341,1460) 
Azerbaijan  (2499,915)  (2520,867) 
Upper Congo  (1644,2250)  (1596,2250)  (1691,2298)  (1595,2202)  (1643,2202)  (1691,2202)  (1692,2250)  (1548,2250)  (1739,2155)  (1739,2298)  (1739,2346)  (1547,2202)  (1561,2154)  (1609,2154)  (1657,2154)  (1740,2203)  (1787,2318)  (1787,2366)  (1739,2394)  (1499,2243)  (1691,2400)  (1807,2414)  (1835,2319) 
East Ukraine  (2176,586)  (2224,562) 
Normandy  (813,730)  (861,729)  (909,702)  (957,675)  (1005,643) 
Azores  (7241,1150) 
Canton  (3563,1461)  (3611,1448) 
Pacific Sea Zone 9  (5562,393)  (5514,440)  (5514,392)  (5609,441)  (5562,345)  (5610,345)  (5610,393)  (5512,344)  (5561,488)  (5657,441)  (5657,489)  (5609,489)  (5560,297)  (5608,297)  (5658,302)  (5658,350)  (5477,296) 
Pacific Sea Zone 8  (5200,540)  (5152,587)  (5152,539)  (5247,588)  (5200,492)  (5248,492)  (5248,540)  (5150,491)  (5199,635)  (5151,635)  (5104,553)  (5295,588)  (5295,636)  (5247,636)  (5198,444)  (5246,444)  (5294,444)  (5296,492)  (5296,540)  (5102,505)  (5102,457)  (5150,443)  (5342,398)  (5343,588)  (5343,636)  (5198,396)  (5246,396)  (5294,396)  (5344,446)  (5344,494)  (5355,350)  (5390,398)  (5391,542)  (5391,590)  (5391,638)  (5392,446)  (5392,494)  (5403,337)  (5438,396)  (5439,542)  (5439,590)  (5440,444)  (5440,492) 
Rocky Mountains  (5809,835)  (5761,882)  (5761,834)  (5856,883)  (5809,787)  (5857,787)  (5857,835)  (5759,786)  (5808,930)  (5760,930)  (5904,883)  (5904,931)  (5856,931)  (5807,739)  (5855,739)  (5903,739)  (5905,787)  (5905,835)  (5808,978)  (5924,979)  (5876,979)  (5953,840) 
Gibraltar  (592,1271)  (640,1249) 
Pacific Sea Zone 5  (4336,1612)  (4288,1659)  (4288,1611)  (4383,1660)  (4336,1564)  (4384,1564)  (4384,1612)  (4286,1563)  (4335,1707)  (4287,1707)  (4240,1659)  (4240,1611)  (4431,1660)  (4431,1708)  (4383,1708)  (4239,1708)  (4334,1516)  (4382,1516)  (4430,1516)  (4432,1564)  (4432,1612)  (4478,1470)  (4335,1755)  (4287,1755)  (4192,1660)  (4479,1660)  (4479,1708)  (4479,1756)  (4431,1756)  (4383,1756)  (4239,1756)  (4191,1756)  (4191,1708)  (4363,1468)  (4411,1468)  (4480,1518)  (4480,1566)  (4459,1422)  (4507,1422)  (4526,1470)  (4335,1803)  (4287,1803)  (4144,1660)  (4527,1614)  (4527,1662)  (4469,1804)  (4421,1804)  (4239,1804)  (4191,1804)  (4143,1804)  (4143,1756)  (4143,1708) 
Pacific Sea Zone 4  (4253,1982)  (4205,2029)  (4205,1981)  (4300,2030)  (4253,1934)  (4301,1934)  (4301,1982)  (4203,1933)  (4157,2024)  (4348,2030)  (4308,2078)  (4349,1910)  (4349,1958)  (4155,1976)  (4155,1928)  (4396,2006)  (4397,1910)  (4397,1958)  (4444,2006)  (4449,2054)  (4497,2019)  (4497,2067)  (4545,2021)  (4545,2069)  (4567,2117)  (4593,2042)  (4615,2104) 
West Australia  (3687,2474)  (3734,2522)  (3686,2522)  (3645,2426)  (3693,2426)  (3735,2474)  (3741,2420)  (3782,2522)  (3678,2570)  (3783,2468)  (3789,2373)  (3830,2516)  (3831,2421)  (3836,2325)  (3837,2373) 
Pacific Sea Zone 7  (4705,878)  (4657,925)  (4657,877)  (4752,926)  (4705,830)  (4753,830)  (4753,878)  (4655,829)  (4704,973)  (4656,973)  (4800,926)  (4800,974)  (4752,974)  (4703,782)  (4751,782)  (4799,782)  (4801,830)  (4801,878)  (4617,781)  (4847,736)  (4704,1021)  (4656,1021)  (4848,926)  (4848,974)  (4843,1022)  (4795,1022)  (4665,734)  (4713,734)  (4761,734)  (4849,784)  (4849,832)  (4616,733)  (4809,688)  (4857,688)  (4895,736)  (4747,1069)  (4699,1069)  (4651,1069)  (4896,880)  (4896,928)  (4813,1070)  (4664,686)  (4712,686)  (4760,686)  (4897,784)  (4897,832)  (4615,685)  (4905,678)  (4808,640)  (4856,640)  (4943,726) 
Pacific Sea Zone 6  (4724,1482)  (4676,1529)  (4676,1481)  (4771,1530)  (4724,1434)  (4772,1434)  (4772,1482)  (4674,1433)  (4723,1577)  (4675,1577)  (4819,1530)  (4819,1578)  (4771,1578)  (4627,1578)  (4722,1386)  (4770,1386)  (4818,1386)  (4820,1434)  (4820,1482)  (4668,1385)  (4723,1625)  (4675,1625)  (4867,1530)  (4867,1578)  (4867,1626)  (4779,1626)  (4627,1626)  (4716,1338)  (4764,1338)  (4868,1439)  (4915,1501)  (4915,1549)  (4915,1597)  (4915,1645)  (4963,1563)  (4963,1611)  (4963,1659)  (5011,1626)  (5024,1674) 
North Japan  (4253,930)  (4252,978) 
Pacific Sea Zone 1  (4922,2679)  (4874,2726)  (4874,2678)  (4969,2727)  (4922,2631)  (4970,2631)  (4970,2679)  (4872,2630)  (4921,2774)  (4873,2774)  (4826,2726)  (4826,2678)  (5017,2727)  (5017,2775)  (4969,2775)  (4825,2775)  (4920,2583)  (4968,2583)  (5016,2583)  (5018,2631)  (5018,2679)  (4824,2630)  (4824,2582)  (4872,2582)  (5064,2537)  (4921,2822)  (4873,2822)  (4778,2727)  (4778,2679)  (5065,2727)  (5065,2775)  (5065,2823)  (5017,2823)  (4969,2823)  (4825,2823)  (4777,2823)  (4777,2775)  (4920,2535)  (4968,2535)  (5016,2535)  (5066,2585)  (5066,2633)  (4776,2631)  (4776,2583)  (4776,2535)  (4824,2534)  (4872,2534)  (5112,2516)  (4921,2870)  (4873,2870)  (4730,2727)  (4730,2679) 
St. Lawrence Sea Zone  (6800,739)  (6752,786)  (6752,738)  (6847,787)  (6800,691)  (6848,691)  (6848,739)  (6750,690)  (6704,780)  (6895,787)  (6895,835)  (6847,835)  (6812,643)  (6860,643)  (6896,691)  (6896,739)  (6702,732)  (6908,637)  (6943,787)  (6812,595)  (6860,595)  (6944,685)  (6944,733)  (6654,759)  (6640,711)  (6763,576)  (6774,528) 
Pacific Sea Zone 3  (4726,1926)  (4678,1973)  (4678,1925)  (4773,1974)  (4726,1878)  (4774,1878)  (4774,1926)  (4676,1877)  (4725,2021)  (4677,2021)  (4821,1974)  (4821,2022)  (4773,2022)  (4724,1830)  (4772,1830)  (4820,1830)  (4822,1878)  (4822,1926)  (4641,1829)  (4593,1794)  (4868,1808)  (4725,2069)  (4677,2069)  (4869,1974)  (4869,2022)  (4869,2070)  (4821,2070)  (4773,2070)  (4689,1782)  (4737,1782)  (4785,1782)  (4870,1856)  (4870,1904)  (4641,1781)  (4895,1757)  (4577,1746)  (4725,2117)  (4863,2118)  (4815,2118)  (4689,1734)  (4625,1733)  (4767,2165)  (4719,2165)  (4856,2166)  (4592,1685) 
Ruhr  (1213,611)  (1260,659)  (1212,659)  (1238,563)  (1261,611)  (1286,523) 
Pacific Sea Zone 2  (5020,2226)  (4972,2273)  (4972,2225)  (5067,2274)  (5020,2178)  (5068,2178)  (5068,2226)  (4970,2177)  (5019,2321)  (4971,2321)  (4924,2273)  (4924,2225)  (5115,2274)  (5115,2322)  (5067,2322)  (4923,2322)  (5018,2130)  (5066,2130)  (5114,2130)  (5116,2178)  (5116,2226)  (4922,2177)  (4922,2129)  (4970,2129)  (5162,2084)  (5019,2369)  (4971,2369)  (5163,2274)  (5163,2322)  (5163,2370)  (5115,2370)  (5067,2370)  (4923,2370)  (4875,2370)  (4875,2322)  (5018,2082)  (5066,2082)  (5114,2082)  (5164,2132)  (5164,2180)  (4926,2081)  (5162,2036)  (5210,2036)  (5210,2084)  (5019,2417)  (4971,2417)  (5211,2228)  (5211,2276)  (5211,2324)  (5211,2372)  (5163,2418)  (5115,2418)  (5067,2418)  (4923,2418)  (4875,2418)  (4827,2418)  (4827,2370) 
Kiev  (2020,607)  (2067,655)  (2019,655)  (2026,559)  (2068,607) 
Iceland  (132,95) 
Oman  (2605,1710) 
Yugoslavia  (1594,963)  (1546,946)  (1594,915)  (1642,970)  (1528,898)  (1669,1018)  (1813,996) 
Rome  (1439,1118)  (1391,1123)  (1450,1166)  (1403,1070)  (1451,1070)  (1487,1118) 
Tokyo  (4188,1134)  (4176,1086)  (4224,1086)  (4236,1134)  (4272,1081) 
Brazil  (6775,2138)  (6727,2185)  (6727,2137)  (6822,2186)  (6775,2090)  (6823,2090)  (6823,2138)  (6725,2089)  (6774,2233)  (6870,2186)  (6870,2234)  (6822,2234)  (6773,2042)  (6821,2042)  (6869,2042)  (6871,2090)  (6871,2138)  (6696,2041)  (6917,1998)  (6774,2281)  (6918,2186)  (6918,2234)  (6883,2282)  (6835,2282)  (6744,1994)  (6792,1994)  (6840,1994)  (6919,2046)  (6919,2094)  (6659,1993)  (6966,2142)  (6966,2190)  (6871,2330)  (6823,2330)  (6707,1946)  (6755,1946)  (6803,1946)  (6967,2018)  (6967,2066)  (6642,1945)  (7014,2114)  (7014,2162)  (7014,2210)  (6871,2378)  (7015,2021)  (7062,2069)  (7062,2117)  (6855,2426)  (6807,2443)  (7110,2072)  (6808,2491) 
Sendai Sea Zone  (4395,980)  (4347,1027)  (4347,979)  (4442,1028)  (4395,932)  (4443,932)  (4443,980)  (4345,931)  (4394,1075)  (4346,1075)  (4490,1028)  (4490,1076)  (4442,1076)  (4393,884)  (4441,884)  (4489,884)  (4491,932)  (4491,980)  (4537,838)  (4394,1123)  (4346,1123)  (4538,1028)  (4538,1076)  (4538,1124)  (4490,1124)  (4442,1124)  (4405,836)  (4453,836)  (4539,886)  (4539,934)  (4394,1171)  (4571,1172)  (4523,1172)  (4475,1172)  (4572,1220)  (4524,1220)  (4476,1220) 
Iwo Jima  (4184,1583) 
Algeria  (1009,1600)  (961,1647)  (961,1599)  (1056,1648)  (1009,1552)  (1057,1552)  (1057,1600)  (959,1551)  (1008,1695)  (960,1695)  (913,1647)  (913,1599)  (1104,1648)  (1104,1696)  (1056,1696)  (912,1696)  (1007,1504)  (1055,1504)  (1103,1504)  (1105,1552)  (1105,1600)  (939,1503)  (1151,1486)  (1008,1743)  (960,1743)  (865,1648)  (865,1600)  (1152,1648)  (1152,1696)  (1152,1744)  (1104,1744)  (1056,1744)  (912,1744)  (864,1717)  (1153,1534)  (1153,1582)  (817,1669)  (817,1621)  (1200,1632)  (1200,1680)  (1200,1728)  (1200,1776)  (1152,1792)  (1104,1792)  (1056,1792)  (769,1666)  (744,1618) 
Midway  (4726,1264) 
Norwegian Sea Zone  (1071,187)  (1023,234)  (1023,186)  (1118,235)  (1071,139)  (1119,139)  (1119,187)  (1021,138)  (1070,282)  (1022,282)  (975,191)  (1166,235)  (1123,283)  (1167,114)  (1167,162)  (973,143)  (1215,114)  (1215,162)  (1263,114)  (1263,162)  (1311,114)  (1359,114) 
Timor Sea Zone  (4049,2197)  (4001,2232)  (4001,2184)  (4096,2245)  (4049,2149)  (4097,2175)  (3987,2136)  (4094,2293)  (4145,2184)  (3962,2088)  (4169,2232)  (4193,2184)  (4212,2280)  (4217,2232)  (4241,2168) 
Tripolitania  (1409,1731)  (1361,1778)  (1361,1730)  (1456,1779)  (1409,1683)  (1457,1712)  (1359,1682)  (1313,1768)  (1504,1760)  (1311,1720)  (1311,1672)  (1513,1808) 
Manchuria  (3627,783)  (3579,799)  (3579,751)  (3674,831)  (3627,735)  (3675,735)  (3675,783)  (3723,725)  (3723,773) 
Colombia  (6362,1881)  (6409,1929)  (6341,1833)  (6389,1833)  (6410,1881)  (6458,1859) 
Shandong  (3602,1111)  (3626,1159)  (3562,1063)  (3610,1063)  (3650,1111)  (3658,1055)  (3614,1207)  (3575,1015)  (3623,1007) 
Kazakh  (2795,600)  (2747,647)  (2747,599)  (2842,648)  (2795,552)  (2843,552)  (2843,600)  (2745,551)  (2794,695)  (2699,654)  (2699,606)  (2890,648)  (2890,696)  (2842,696)  (2823,504)  (2871,504)  (2891,552)  (2891,600)  (2697,558)  (2919,476)  (2651,654)  (2651,606)  (2938,648)  (2938,696)  (2938,744)  (2890,744)  (2842,744)  (2833,456)  (2939,524)  (2939,572)  (2649,558)  (2912,428)  (2967,447)  (2603,701)  (2603,653)  (2986,620)  (2986,668)  (2986,716)  (2893,792)  (2987,495)  (2987,543)  (2601,605)  (2555,655)  (3034,591)  (3034,639)  (3034,687)  (3035,530)  (2553,607)  (3082,578) 
Caspian Sea Zone  (2526,743)  (2573,791)  (2496,695)  (2585,839)  (2585,887) 
New Guinea  (4162,2125) 
Southeast USA  (6188,1022)  (6140,1069)  (6140,1021)  (6235,1070)  (6188,974)  (6236,974)  (6236,1022)  (6138,973)  (6187,1117)  (6139,1117)  (6283,1070)  (6280,1118)  (6284,957)  (6284,1005)  (6090,1002)  (6090,954) 
Okinawa  (3969,1369) 
Qinghai  (3121,749)  (3073,788)  (3073,740)  (3121,701)  (3169,729)  (3169,777)  (3147,653)  (3217,747) 
Bight Sea Zone  (3841,2811)  (3793,2858)  (3793,2810)  (3888,2859)  (3841,2763)  (3889,2763)  (3889,2811)  (3791,2762)  (3840,2906)  (3792,2906)  (3745,2858)  (3745,2810)  (3936,2859)  (3936,2907)  (3888,2907)  (3744,2907)  (3839,2715)  (3887,2715)  (3935,2715)  (3937,2763)  (3937,2811)  (3743,2762)  (3743,2714)  (3791,2714)  (3983,2669)  (3697,2859)  (3697,2811)  (3984,2859)  (3984,2907)  (3696,2950)  (3839,2667)  (3887,2667)  (3935,2667)  (3985,2717)  (3985,2765)  (3695,2763)  (3695,2715)  (3695,2667)  (3743,2666)  (3791,2666)  (4031,2635)  (4032,2813)  (4032,2861)  (4032,2909)  (3839,2619)  (3887,2619)  (3935,2619)  (4033,2683)  (4033,2731)  (4080,2779)  (4080,2827)  (4080,2875)  (4080,2923) 
Haiti  (6540,1585) 
Bengal Sea Zone  (3102,1788)  (3054,1828)  (3054,1780)  (3149,1836)  (3102,1740)  (3150,1740)  (3150,1788)  (3197,1836)  (3197,1884)  (3086,1692)  (3134,1692)  (3182,1692)  (3198,1740)  (3198,1788)  (3245,1836)  (3245,1884)  (3106,1644)  (3154,1644)  (3246,1740)  (3246,1788)  (3141,1596) 
New South Wales  (4197,2547)  (4245,2510)  (4293,2509) 
Afghanistan  (2729,1176)  (2681,1223)  (2776,1224)  (2712,1128)  (2760,1128)  (2777,1176)  (2808,1097)  (2691,1271)  (2707,1080)  (2825,1145)  (2820,1049)  (2868,1037)  (2868,1085)  (2704,1032) 
West India  (2785,1355)  (2737,1397)  (2737,1349)  (2832,1403)  (2785,1307)  (2833,1307)  (2833,1355)  (2880,1403)  (2843,1259)  (2881,1307)  (2881,1355)  (2891,1249)  (2891,1201)  (2939,1201)  (2902,1153)  (2950,1153)  (2920,1105)  (2968,1105)  (2937,1057) 
Scotland  (877,164)  (871,116)  (919,93) 
Kuril Sea Zone  (4112,706)  (4064,753)  (4064,705)  (4159,754)  (4112,658)  (4160,658)  (4160,706)  (4062,657)  (4111,801)  (4016,752)  (4207,754)  (4207,802)  (4159,802)  (4164,610)  (4208,658)  (4208,706)  (4058,609)  (4212,606)  (4217,850)  (4169,850)  (4155,562)  (4256,696)  (4058,561)  (4203,558)  (4251,558)  (4170,510)  (4218,510)  (4266,510) 
Hainan  (3564,1633) 
Karelia  (2050,193)  (2059,145)  (2098,193) 
Honolulu  (5289,1463)  (5331,1511)  (5279,1415)  (5327,1415)  (5337,1463) 
Chongqing  (3261,1143)  (3303,1191)  (3251,1095)  (3299,1095)  (3309,1143) 
Alaska  (5580,159)  (5532,206)  (5532,158)  (5627,207)  (5580,111)  (5628,111)  (5628,159)  (5484,224)  (5484,176)  (5670,63)  (5676,111)  (5676,159)  (5436,232)  (5724,67)  (5724,115)  (5388,262)  (5772,72)  (5340,236) 
Korea  (3791,865)  (3839,834)  (3822,939)  (3856,1018) 
Sakhalin  (4116,495) 
Central Canada  (6028,398)  (6075,446)  (6027,446)  (5990,350)  (6038,350)  (6076,398)  (6086,340)  (6123,446)  (6124,388)  (6134,317) 
Romania  (1904,873)  (1856,857)  (1951,921)  (1903,921)  (1904,825)  (1952,825)  (1952,873)  (1844,809)  (1999,921)  (1892,777)  (1940,777)  (1988,777)  (2000,825)  (2000,873)  (2048,873) 
Hunan  (3445,1456)  (3492,1504)  (3493,1419) 
Persia  (2501,1323)  (2453,1370)  (2453,1322)  (2548,1371)  (2501,1275)  (2549,1275)  (2549,1323)  (2451,1274)  (2500,1418)  (2596,1371)  (2596,1419)  (2548,1419)  (2499,1227)  (2547,1227)  (2595,1227)  (2597,1275)  (2597,1323)  (2403,1283)  (2403,1235)  (2451,1226)  (2370,1187)  (2500,1466)  (2640,1467)  (2592,1467)  (2499,1179)  (2547,1179)  (2595,1179)  (2355,1241)  (2643,1155)  (2544,1514)  (2669,1515)  (2621,1515)  (2475,1131)  (2523,1131)  (2571,1131)  (2619,1107)  (2552,1562)  (2664,1563)  (2485,1083)  (2533,1083)  (2581,1059)  (2629,1059)  (2498,1035)  (2546,1011)  (2594,1011) 
Quebec  (6723,364)  (6675,349)  (6770,412)  (6722,412)  (6723,316)  (6771,316)  (6771,364)  (6659,301)  (6818,412)  (6707,268)  (6819,305)  (6819,353)  (6866,401) 
West Poland  (1637,519)  (1641,567)  (1607,471)  (1655,471)  (1639,615)  (1637,663) 
San Francisco  (5578,811)  (5617,859)  (5569,763)  (5617,763)  (5626,811) 
Omsk  (3308,274)  (3260,284)  (3342,322)  (3284,226)  (3332,226)  (3356,274) 
Batavia  (3416,2147)  (3368,2154)  (3438,2195)  (3385,2099)  (3433,2099)  (3464,2147) 
Cairo  (1881,1736)  (1922,1784)  (1874,1784)  (1864,1688)  (1912,1688)  (1929,1736) 
West Africa  (553,1852)  (505,1888)  (505,1840)  (584,1900)  (553,1804)  (601,1804)  (601,1852)  (492,1792)  (457,1866)  (649,1770)  (649,1818)  (697,1779)  (697,1827)  (745,1798)  (793,1819)  (841,1833)  (863,1881) 
Henan  (3436,1130)  (3444,1178)  (3403,1082)  (3451,1082)  (3484,1130)  (3499,1067)  (3411,1034)  (3459,1019) 
Rio  (6972,2360)  (6924,2353)  (7004,2408)  (6972,2312)  (7020,2312)  (7020,2360) 
Archangel  (2138,59)  (2185,107)  (2137,107)  (2145,11)  (2186,59)  (2193,4)  (2241,2)  (2289,2) 
Tunis  (1272,1550)  (1224,1549)  (1289,1598)  (1272,1502)  (1320,1502)  (1320,1550) 
Angola  (1454,2412)  (1406,2454)  (1406,2406)  (1501,2460)  (1454,2364)  (1502,2364)  (1502,2412)  (1399,2358)  (1453,2502)  (1358,2410)  (1549,2460)  (1533,2508)  (1447,2316)  (1495,2316)  (1543,2316)  (1550,2364)  (1550,2412)  (1399,2293)  (1591,2311)  (1485,2550)  (1598,2359)  (1598,2407) 
South Russia  (2322,448)  (2369,496)  (2321,496)  (2284,400)  (2332,400)  (2370,448)  (2417,496)  (2301,352)  (2349,352)  (2465,488) 
Arabian Sea Zone  (2744,1824)  (2696,1871)  (2696,1823)  (2791,1872)  (2744,1776)  (2792,1776)  (2792,1824)  (2696,1775)  (2717,1919)  (2669,1919)  (2821,1728)  (2840,1776)  (2840,1824)  (2869,1699)  (2820,1680)  (2888,1747)  (2888,1795)  (2868,1651)  (2820,1632)  (2868,1603)  (2820,1584)  (2820,1536) 
Siam  (3333,1722)  (3381,1688) 
Labrador Sea Zone  (6979,281)  (6931,328)  (6931,280)  (7026,329)  (6979,233)  (7027,233)  (7027,281)  (6929,232)  (6978,376)  (7074,329)  (7074,377)  (7026,377)  (6977,185)  (7025,185)  (7073,185)  (7075,233)  (7075,281)  (6881,228)  (6929,184)  (7121,139)  (6978,424)  (7122,329)  (7122,377)  (7122,425)  (7074,425)  (7026,425)  (6987,137)  (7035,137)  (7123,187)  (7123,235)  (6930,470)  (7083,91)  (7131,91)  (6978,472)  (7134,473)  (7086,473)  (7038,473)  (6987,89)  (7035,89)  (7083,43)  (7131,43)  (6990,520)  (7134,521)  (7086,521)  (7038,521)  (6950,41)  (6998,41)  (6990,568)  (7134,569)  (7086,569)  (7038,569) 
Sudan  (1884,2059)  (1836,2043)  (1931,2107)  (1883,2107)  (1884,2011)  (1932,2011)  (1932,2059)  (1819,1995)  (1980,1980)  (1980,2028)  (1771,2010)  (2028,1979) 
Tibet  (3054,972)  (3006,939)  (3031,1020)  (3054,924)  (3102,924)  (3102,972)  (3035,1068)  (3032,876)  (3080,876)  (3128,876)  (3150,933)  (3198,957) 
Portugal  (441,1131)  (470,1083)  (452,1179)  (481,1035) 
Fujian  (3602,1352)  (3567,1304)  (3615,1304)  (3650,1352)  (3662,1400) 
Yellow Sea Zone  (3873,1215)  (3920,1263)  (3872,1263)  (3853,1167)  (3901,1167)  (3921,1215)  (3949,1150)  (3824,1119)  (3872,1119)  (3969,1198)  (3969,1246)  (3774,1097)  (4006,1294)  (3738,1049)  (3786,1049)  (3765,1001)  (3704,965)  (3752,953) 
Greece  (1864,1244)  (1891,1292)  (1841,1196)  (1845,1148)  (1849,1100) 
Mongolia  (3392,776)  (3344,775)  (3440,758)  (3296,773)  (3488,730)  (3537,695)  (3553,615)  (3558,567)  (3601,633) 
North New Zealand  (4633,2672) 
Morocco  (707,1539)  (755,1500)  (755,1548)  (656,1610)  (803,1467)  (803,1515)  (608,1637)  (851,1476)  (553,1692)  (505,1733) 
West Russia  (2176,437)  (2128,438)  (2223,485)  (2199,389)  (2224,437) 
Guyana  (6682,1865)  (6730,1873) 
Iraq  (2308,1469)  (2355,1517)  (2305,1421)  (2353,1421)  (2356,1469)  (2307,1373)  (2355,1373)  (2404,1464)  (2306,1325) 
Chile  (6490,2362) 
Priepet Marsh  (1998,502) 
Borneo  (3571,2005)  (3619,1965)  (3619,2013) 
1 Atlantic Sea Zone  (2,3)  (2,51)  (2,99)  (2,147)  (2,195)  (2,243)  (2,291)  (2,339)  (2,387)  (2,435)  (2,483)  (2,531)  (2,579)  (2,627)  (2,675)  (50,3)  (50,51)  (50,127)  (50,175)  (50,223)  (50,271)  (50,319)  (50,367)  (50,415)  (50,463)  (50,511)  (50,559)  (50,607)  (50,655)  (98,3)  (98,153)  (98,201)  (98,249)  (98,297)  (98,345)  (98,393)  (98,441)  (98,489)  (98,537)  (98,585)  (98,633)  (98,681)  (146,3)  (146,153)  (146,201)  (146,249)  (146,297)  (146,345)  (146,393)  (146,441)  (146,489)  (146,537)  (146,585)  (146,633)  (146,681) 
Buryatia  (3885,515)  (3837,536)  (3837,488)  (3932,563)  (3885,467)  (3933,467)  (3933,515)  (3810,440)  (3980,563)  (3980,611)  (3874,419)  (3981,451)  (3981,499)  (3971,659)  (3954,707)  (3932,755) 
Leyte Gulf Sea Zone  (3903,1925)  (3950,1973)  (3902,1973)  (3890,1877)  (3938,1877)  (3951,1925)  (3986,1842)  (3854,2016)  (3998,1973)  (3926,2021)  (3880,1829)  (3928,1829)  (3999,1890)  (3976,1794)  (4042,2021)  (4046,1938)  (3914,1781)  (3980,1746) 
Addis Ababa  (2047,2122)  (2094,2170)  (2040,2074)  (2088,2074)  (2095,2122) 
Urals  (2493,56)  (2445,103)  (2445,55)  (2540,104)  (2493,8)  (2541,8)  (2541,56)  (2443,7)  (2588,104)  (2589,2)  (2589,50)  (2395,30)  (2636,98)  (2637,2)  (2637,50)  (2684,98)  (2719,146)  (2767,136) 
Central Asia  (2733,885)  (2685,932)  (2685,884)  (2780,933)  (2733,837)  (2781,837)  (2781,885)  (2683,836)  (2828,933)  (2775,981)  (2731,789)  (2829,877)  (2635,792)  (2683,788)  (2876,925)  (2731,741)  (2660,740)  (2920,877)  (2948,829)  (2996,811) 
Great Lakes Sea Zone  (6399,619)  (6340,559) 
Rift Valley Sea Zone  (1803,2156) 
Adriatic Sea Zone  (1578,1076)  (1626,1069)  (1626,1117)  (1494,993)  (1674,1100)  (1692,1148)  (1446,986) 
Turkey  (2202,1143)  (2154,1190)  (2154,1142)  (2249,1191)  (2202,1095)  (2250,1095)  (2250,1143)  (2201,1238)  (2153,1238)  (2106,1190)  (2274,1239)  (2207,1047)  (2255,1047)  (2298,1095)  (2303,1042)  (2217,1286)  (2169,1286)  (2346,1090)  (2351,1003)  (2394,1051)  (2399,972)  (2405,1099) 
South New Zealand  (4509,2791) 
West England  (837,464) 
South Africa  (1687,2540)  (1639,2587)  (1639,2539)  (1687,2492)  (1735,2492)  (1735,2540)  (1637,2491)  (1641,2635)  (1593,2635)  (1591,2587)  (1591,2539)  (1783,2484)  (1783,2532)  (1545,2661)  (1831,2475)  (1831,2523)  (1831,2571)  (1867,2619)  (1879,2463)  (1879,2511)  (1879,2559)  (1915,2607)  (1927,2472) 
Bermuda  (6822,1249) 
Banda Sea Zone  (3739,2209)  (3691,2256)  (3691,2208)  (3786,2257)  (3739,2161)  (3787,2161)  (3787,2209)  (3656,2127)  (3738,2304)  (3690,2304)  (3834,2257)  (3828,2113)  (3835,2161)  (3835,2209)  (3674,2079)  (3876,2088)  (3883,2136)  (3883,2184)  (3883,2232) 
Coral Sea Zone  (4436,2328)  (4388,2375)  (4388,2327)  (4483,2376)  (4436,2280)  (4484,2280)  (4484,2328)  (4386,2279)  (4435,2423)  (4387,2423)  (4340,2375)  (4340,2327)  (4531,2376)  (4531,2424)  (4483,2424)  (4434,2232)  (4482,2232)  (4530,2232)  (4532,2280)  (4532,2328)  (4338,2279)  (4338,2231)  (4386,2231)  (4578,2195)  (4435,2471)  (4387,2471)  (4292,2373)  (4579,2376)  (4579,2424)  (4579,2472)  (4531,2472)  (4483,2472)  (4434,2184)  (4482,2184)  (4530,2184)  (4580,2243)  (4580,2291)  (4290,2325)  (4383,2151)  (4627,2339)  (4627,2387)  (4627,2435)  (4627,2483)  (4579,2520)  (4531,2520)  (4483,2520)  (4431,2136)  (4628,2227)  (4628,2275)  (4638,2531)  (4675,2323)  (4675,2371)  (4675,2419)  (4675,2467) 
Crete  (2018,1439) 
Manitoba  (6208,363)  (6255,411)  (6207,411)  (6198,315)  (6246,315)  (6256,363)  (6294,277)  (6267,459)  (6219,459)  (6200,267)  (6342,259) 
Red Sea Zone  (2202,1920)  (2154,1961)  (2154,1913)  (2249,1968)  (2202,1872)  (2250,1872)  (2250,1920)  (2297,1968)  (2175,1824)  (2223,1824)  (2298,1875)  (2308,2016)  (2345,1923)  (2196,1776) 
South India  (2973,1548)  (2925,1512)  (3020,1596)  (2972,1596)  (2973,1500)  (3021,1500)  (3021,1548)  (2923,1464)  (3036,1644)  (2988,1644)  (2940,1644)  (2971,1452)  (3069,1535)  (3000,1692)  (2952,1692)  (2981,1740)  (2978,1788) 
Moscow  (2299,143)  (2338,191)  (2286,95)  (2334,95)  (2347,143) 
Formosa  (3785,1501) 
Gobi Desert  (3280,617)  (3232,662)  (3232,614)  (3327,665)  (3280,569)  (3328,569)  (3328,617)  (3228,566)  (3375,665)  (3316,521)  (3376,549)  (3376,597)  (3180,583)  (3423,645)  (3423,693)  (3424,566)  (3471,614) 
Midwest USA  (6118,759)  (6070,806)  (6070,758)  (6165,807)  (6118,711)  (6166,711)  (6166,759)  (6068,710)  (6117,854)  (6069,854)  (6022,806)  (6022,758)  (6213,807)  (6213,855)  (6165,855)  (6021,855)  (6116,663)  (6164,663)  (6212,663)  (6214,711)  (6214,759)  (6020,710)  (6020,662)  (6068,662)  (6260,617)  (6261,807)  (6261,855)  (6261,903)  (6116,615)  (6164,615)  (6212,615)  (5972,693)  (5972,645)  (6020,614)  (6068,614)  (5955,597)  (6309,783)  (6309,831)  (6309,879)  (6116,567)  (6164,567)  (6212,567)  (6003,566)  (6051,566)  (5948,549) 
Beaufort Sea Zone  (5104,43)  (5056,72)  (5056,24)  (5152,2)  (5152,50)  (5008,72)  (5008,24)  (5200,2)  (5200,50)  (5248,2)  (5248,50)  (5296,2)  (5296,50)  (5344,2)  (5344,50)  (5392,2)  (5392,50)  (5440,2)  (5440,50)  (5488,2)  (5536,2)  (5584,2)  (5632,2)  (5680,2)  (5728,2) 
Arctic Ice  (6485,6)  (6533,2) 
Caribbean Sea Zone  (6285,1633)  (6237,1626)  (6332,1681)  (6284,1681)  (6285,1585)  (6333,1585)  (6333,1633)  (6229,1578)  (6236,1703)  (6380,1681)  (6340,1729)  (6292,1729)  (6277,1537)  (6325,1537)  (6381,1571)  (6381,1619)  (6181,1610)  (6181,1562)  (6229,1530)  (6244,1751)  (6174,1514)  (6428,1667)  (6277,1489)  (6429,1573)  (6460,1715)  (6476,1635)  (6508,1683)  (6512,1731) 
Southwest USA  (5920,1091)  (5872,1084)  (5967,1139)  (5919,1139)  (5968,1048)  (5978,1000)  (5824,1072)  (6015,1096)  (6015,1144)  (5967,1187)  (6016,1048)  (6063,1096) 
South Ukraine  (2108,723)  (2060,729)  (2154,675)  (2156,723)  (2090,777)  (2202,670) 
Laptev Sea Zone  (3811,14)  (3763,28)  (3859,2)  (3939,2)  (3987,2)  (4035,2)  (4083,2)  (4131,2) 
Heilongjiang  (3736,622)  (3688,598)  (3783,670)  (3736,574)  (3784,583)  (3676,550)  (3831,631)  (3831,679)  (3724,526)  (3840,727)  (3879,645)  (3702,478) 
East Bering Sea Zone  (5164,230)  (5116,277)  (5116,229)  (5211,278)  (5164,182)  (5212,182)  (5212,230)  (5114,181)  (5163,325)  (5259,278)  (5162,134)  (5210,134)  (5258,134)  (5260,182)  (5260,230)  (5078,133)  (5306,122)  (5308,170)  (5354,122) 
Murmansk  (1839,50)  (1895,106) 
Andes  (6329,2096)  (6376,2144)  (6294,2048)  (6342,2048)  (6424,2138)  (6424,2186)  (6287,2000)  (6335,2000) 
Sardinia  (1189,1291) 
Szechuan  (3127,1065)  (3175,1022)  (3175,1070)  (3223,1015)  (3271,1017) 
Visayas  (3812,1806) 
Spain  (601,1144)  (553,1191)  (553,1143)  (601,1096)  (649,1096)  (649,1144)  (551,1095)  (674,1192)  (528,1239)  (599,1048)  (647,1048)  (695,1048)  (697,1096)  (697,1144)  (706,1240)  (722,1192)  (743,1011)  (577,1000)  (625,1000)  (673,1000)  (745,1059)  (745,1107)  (529,982)  (770,1155)  (793,1044)  (793,1092)  (841,1056)  (841,1104)  (889,1075) 
Palestine  (2094,1704)  (2135,1752)  (2110,1656)  (2142,1704)  (2173,1622)  (2124,1800) 
Chukchi Sea Zone  (4480,38)  (4432,58)  (4432,10)  (4528,2)  (4528,50)  (4384,54)  (4384,6)  (4576,2)  (4576,50)  (4336,54)  (4336,6)  (4624,2)  (4624,50)  (4288,66)  (4288,18)  (4672,2)  (4672,50)  (4240,66)  (4240,18)  (4720,2)  (4720,50)  (4768,2)  (4768,50)  (4816,2)  (4816,50)  (4864,2)  (4864,50)  (4912,2)  (4912,50) 
Venezuela  (6488,1798)  (6440,1793)  (6536,1790)  (6536,1838)  (6584,1792)  (6584,1840) 
Nunavut  (6377,135)  (6329,182)  (6329,134)  (6424,183)  (6425,118)  (6327,86)  (6375,44)  (6281,208)  (6281,160)  (6473,120)  (6279,112)  (6279,64)  (6327,38)  (6271,16)  (6521,123)  (6569,106)  (6581,55)  (6629,16)  (6629,64)  (6677,21)  (6677,69)  (6725,2)  (6809,33)  (6816,153)  (6846,81) 
Osaka Sea Zone  (4158,1350)  (4110,1397)  (4110,1349)  (4205,1398)  (4158,1302)  (4206,1302)  (4206,1350)  (4157,1445)  (4109,1445)  (4062,1397)  (4253,1398)  (4253,1446)  (4205,1446)  (4174,1254)  (4222,1254)  (4254,1302)  (4254,1350)  (4270,1238)  (4157,1493)  (4301,1398)  (4235,1494)  (4302,1286)  (4302,1334)  (4318,1201)  (4349,1382)  (4350,1249)  (4350,1297)  (4398,1262)  (4398,1310) 
Central Bering Sea Zone  (4900,332)  (4852,379)  (4852,331)  (4947,380)  (4900,284)  (4948,284)  (4948,332)  (4850,283)  (4899,427)  (4851,427)  (4995,380)  (4995,428)  (4947,428)  (4803,428)  (4898,236)  (4946,236)  (4994,236)  (4996,284)  (4996,332)  (5043,380)  (4865,188)  (4913,188)  (4961,188)  (5009,188)  (5044,250)  (5044,298)  (4879,140)  (4927,140)  (4975,140) 
Aleutian Islands  (5048,452) 
South China Sea Zone  (3628,1533)  (3580,1572)  (3676,1498)  (3676,1546)  (3720,1449)  (3532,1591)  (3724,1497)  (3515,1639)  (3738,1401)  (3484,1591)  (3786,1375)  (3785,1327)  (3833,1327) 
Tsushima Sea Zone  (3981,958)  (3933,1005)  (3933,957)  (4028,1006)  (3981,910)  (4029,910)  (4029,958)  (3931,909)  (3980,1053)  (3932,1053)  (4076,1006)  (4076,1054)  (4028,1054)  (3979,862)  (4027,862)  (4077,875)  (4077,923)  (3883,917)  (3897,861)  (4124,971)  (4124,1019)  (4111,1102)  (4063,1102)  (4015,1102)  (3968,814)  (4125,906)  (4172,954)  (4172,1002) 
Queensland  (4170,2421)  (4129,2373)  (4177,2373)  (4218,2421)  (4266,2442) 
Mediterranean Sea Zone 1  (788,1356)  (740,1403)  (740,1355)  (788,1308)  (836,1308)  (836,1356)  (836,1404)  (705,1451)  (692,1403)  (692,1355)  (884,1283)  (884,1331)  (884,1379)  (904,1427)  (657,1466)  (644,1418)  (644,1370)  (932,1290)  (932,1338)  (952,1386)  (980,1298)  (1000,1346)  (1000,1394)  (1048,1308)  (1048,1356)  (1048,1404)  (1096,1315)  (1096,1363)  (1096,1411) 
Sulu Sea Zone  (3608,1805)  (3560,1852)  (3560,1804)  (3655,1853)  (3608,1757)  (3656,1757)  (3656,1805)  (3558,1756)  (3703,1853)  (3606,1709)  (3654,1709)  (3704,1774)  (3517,1708)  (3733,1901)  (3702,1663)  (3751,1949)  (3618,1661)  (3678,1615)  (3799,1946) 
Indochina  (3447,1793)  (3399,1783)  (3455,1745)  (3364,1621)  (3365,1573)  (3413,1568) 
Benelux  (1100,603)  (1151,546) 
Mediterranean Sea Zone 8  (2025,1567)  (1977,1614)  (2048,1615)  (2011,1519)  (2059,1519)  (2073,1567)  (2107,1485)  (2002,1663)  (2121,1533)  (2110,1437) 
Celebes  (3732,2056) 
Mediterranean Sea Zone 7  (1987,1362)  (1999,1314)  (2035,1362)  (2047,1302)  (1999,1266)  (2083,1350)  (1961,1218)  (2009,1218)  (1985,1170) 
Persian Gulf Sea Zone  (2661,1647)  (2709,1633)  (2709,1681)  (2716,1585)  (2757,1633)  (2757,1681)  (2764,1544)  (2556,1633)  (2733,1496)  (2508,1620) 
Mediterranean Sea Zone 6  (1743,1571)  (1695,1618)  (1695,1570)  (1790,1619)  (1743,1523)  (1791,1523)  (1791,1571)  (1693,1522)  (1742,1666)  (1838,1619)  (1792,1667)  (1839,1480)  (1839,1528)  (1886,1576)  (1887,1469)  (1887,1517)  (1935,1473)  (1935,1521) 
Mediterranean Sea Zone 5  (1654,1359)  (1606,1406)  (1606,1358)  (1701,1407)  (1654,1311)  (1702,1311)  (1702,1359)  (1749,1407)  (1657,1263)  (1705,1263)  (1750,1311)  (1750,1359)  (1753,1260)  (1797,1407)  (1798,1308)  (1798,1356)  (1845,1404)  (1893,1393) 
Mediterranean Sea Zone 4  (1430,1501)  (1382,1461)  (1477,1549)  (1429,1549)  (1430,1453)  (1478,1479)  (1336,1413)  (1525,1527)  (1525,1575)  (1477,1597)  (1429,1597)  (1526,1479)  (1551,1623)  (1288,1422)  (1288,1374)  (1573,1527)  (1573,1575)  (1503,1645)  (1574,1474)  (1599,1623)  (1578,1671)  (1240,1424)  (1621,1522)  (1192,1429) 
East Baltic Sea Zone  (1643,314)  (1681,362)  (1649,266)  (1691,314)  (1601,222)  (1739,291) 
Mediterranean Sea Zone 3  (1330,1263)  (1282,1302)  (1282,1254)  (1377,1311)  (1330,1215)  (1378,1215)  (1378,1263)  (1272,1206)  (1425,1311)  (1320,1167)  (1426,1220)  (1473,1268)  (1473,1316)  (1289,1119)  (1474,1220)  (1521,1268) 
Mediterranean Sea Zone 2  (993,1170)  (945,1217)  (945,1169)  (1040,1218)  (993,1122)  (1041,1122)  (1041,1170)  (897,1228)  (897,1180)  (1088,1218)  (994,1074)  (1042,1074)  (1089,1122)  (1089,1170)  (1090,1073)  (849,1221)  (1137,1121)  (1137,1169)  (1138,1054)  (1185,1176)  (1186,1035) 
Taklomak Desert  (2951,993) 
Austria  (1491,754)  (1538,802)  (1490,802)  (1486,706)  (1534,706)  (1539,754)  (1582,704)  (1491,658) 
Mozambique  (2017,2452)  (2010,2500)  (2065,2426)  (2010,2548)  (2113,2427) 
Truk  (4537,1906)  (4489,1928)  (4570,1954)  (4512,1858)  (4560,1858)  (4585,1906) 
Gulf of Mexico Sea Zone  (6072,1323)  (6024,1370)  (6024,1322)  (6119,1371)  (6072,1275)  (6120,1275)  (6120,1323)  (6022,1274)  (6071,1418)  (6023,1418)  (6167,1371)  (6167,1419)  (6119,1419)  (6070,1227)  (6118,1227)  (6166,1227)  (6168,1275)  (6168,1323)  (6214,1209)  (6064,1466)  (6016,1466)  (6215,1371)  (6216,1257)  (6216,1305)  (6044,1514) 
Arabia  (2319,1713)  (2271,1738)  (2271,1690)  (2366,1761)  (2319,1665)  (2367,1665)  (2367,1713)  (2247,1642)  (2414,1761)  (2414,1809)  (2366,1809)  (2295,1617)  (2343,1617)  (2391,1617)  (2415,1665)  (2415,1713)  (2462,1761)  (2462,1809)  (2405,1857)  (2261,1569)  (2463,1702)  (2510,1760)  (2558,1771) 
Yucatan  (6107,1668)  (6083,1620)  (6155,1663) 
Irish Sea Zone  (642,150)  (594,197)  (594,149)  (689,198)  (642,102)  (690,102)  (690,150)  (592,101)  (546,207)  (546,159)  (737,198)  (737,246)  (689,246)  (640,54)  (688,54)  (736,54)  (738,102)  (738,150)  (544,111)  (544,63)  (592,53)  (543,15)  (784,8)  (785,198)  (763,294)  (715,294)  (640,6)  (688,6)  (736,6)  (786,56)  (591,5)  (667,312)  (832,2)  (833,216)  (720,342)  (672,360)  (624,386)  (720,390)  (672,408)  (576,420)  (624,434)  (723,438)  (675,456)  (576,468) 
Himalayan Mountains  (3121,1242)  (3073,1228)  (3168,1290)  (3121,1194)  (3169,1194)  (3169,1242)  (3058,1180)  (3217,1233) 
Gold Coast  (683,1970)  (690,1922)  (731,1970)  (738,1915)  (779,1963)  (786,1901)  (827,1954) 
Lower Congo  (1314,2125)  (1361,2173)  (1313,2173)  (1287,2077)  (1335,2077)  (1362,2125)  (1383,2059)  (1239,2054)  (1409,2173)  (1287,2029)  (1335,2029)  (1410,2107)  (1236,2006)  (1457,2155)  (1458,2087)  (1506,2087) 
Hungary  (1650,778)  (1637,826)  (1671,730)  (1698,778)  (1719,729)  (1746,777)  (1767,716)  (1794,764) 
West Black Sea Zone  (2140,942)  (2158,990)  (2110,990)  (2129,894)  (2177,894)  (2188,942)  (2120,1038)  (2129,846) 
Berlin  (1361,610)  (1403,658)  (1347,562)  (1395,562)  (1409,610) 
Tasmania  (4180,2796) 
Amazon Rainforest  (6504,2034)  (6456,2076)  (6481,1986)  (6529,1986)  (6552,2034)  (6577,1978)  (6580,2082)  (6600,2026)  (6608,2130)  (6628,2077) 
Leningrad  (1905,256)  (1952,304)  (1904,208)  (1952,208)  (1953,256) 
Ceylon  (3026,1890) 
Prussia  (1489,546)  (1456,498)  (1504,498)  (1537,546)  (1550,594) 
Yunnan  (3327,1314)  (3374,1362)  (3336,1266)  (3375,1314)  (3384,1257)  (3367,1410)  (3362,1458) 
Belarus  (1939,464)  (1935,416)  (1983,416)  (2031,427) 
South African Sea Zone  (1598,2828)  (1550,2875)  (1550,2827)  (1645,2876)  (1598,2780)  (1646,2780)  (1646,2828)  (1548,2779)  (1597,2923)  (1549,2923)  (1502,2875)  (1502,2827)  (1693,2876)  (1693,2924)  (1645,2924)  (1501,2924)  (1596,2732)  (1644,2732)  (1694,2779)  (1694,2827)  (1500,2779)  (1500,2731)  (1548,2731)  (1454,2876)  (1454,2828)  (1741,2875)  (1741,2923)  (1453,2950)  (1742,2787)  (1452,2780)  (1452,2732)  (1452,2684)  (1789,2835)  (1789,2883)  (1789,2931)  (1422,2636)  (1790,2787)  (1837,2835)  (1837,2883)  (1837,2931)  (1838,2766)  (1868,2718)  (1885,2814)  (1885,2862)  (1885,2910)  (1886,2766)  (1916,2691)  (1933,2814)  (1933,2862)  (1933,2910)  (1934,2739) 
Ningxia  (3256,918)  (3230,870)  (3278,870)  (3304,918)  (3314,966)  (3326,848)  (3362,970) 
Tanganyika  (2038,2265)  (2081,2313)  (2086,2232)  (2096,2361) 
Albania  (1743,1071) 
Caucasus  (2358,648)  (2405,696)  (2357,696)  (2311,600)  (2359,600)  (2406,648)  (2407,599)  (2445,744) 
Rhodesia  (1928,2357)  (1976,2324) 
Falkland  (6842,2823) 
Atlantic Sea Zone 10  (6593,1094)  (6545,1141)  (6545,1093)  (6640,1142)  (6593,1046)  (6641,1046)  (6641,1094)  (6497,1155)  (6497,1107)  (6688,1142)  (6688,1190)  (6640,1190)  (6557,998)  (6605,998)  (6653,998)  (6689,1046)  (6689,1094)  (6701,986)  (6449,1142)  (6736,1142)  (6557,950)  (6605,950)  (6653,950)  (6737,1034)  (6737,1082)  (6701,938)  (6749,938)  (6749,986)  (6405,1094)  (6784,1130)  (6784,1178)  (6540,902)  (6588,902)  (6636,902)  (6785,1034)  (6785,1082)  (6684,890)  (6732,890)  (6780,890)  (6797,938)  (6797,986)  (6357,1117)  (6515,854)  (6563,854)  (6611,854)  (6833,1034)  (6659,842)  (6845,912)  (6845,960)  (6576,806)  (6893,932) 
Atlantic Sea Zone 11  (6494,1372)  (6446,1419)  (6446,1371)  (6541,1420)  (6494,1324)  (6542,1324)  (6542,1372)  (6444,1323)  (6493,1467)  (6445,1467)  (6398,1419)  (6398,1371)  (6589,1420)  (6589,1468)  (6541,1468)  (6492,1276)  (6540,1276)  (6588,1276)  (6590,1324)  (6590,1372)  (6396,1323)  (6396,1275)  (6444,1275)  (6636,1255)  (6493,1515)  (6350,1401)  (6637,1420)  (6637,1468)  (6637,1516)  (6589,1516)  (6492,1228)  (6638,1303)  (6638,1351)  (6348,1353)  (6348,1305)  (6348,1257)  (6396,1227)  (6444,1227)  (6332,1209)  (6685,1399)  (6685,1447)  (6685,1495)  (6686,1331)  (6733,1379)  (6733,1427)  (6733,1475)  (6733,1523) 
Atlantic Sea Zone 12  (6849,1713)  (6801,1760)  (6801,1712)  (6896,1761)  (6849,1665)  (6897,1665)  (6897,1713)  (6799,1664)  (6848,1808)  (6800,1808)  (6753,1760)  (6753,1712)  (6944,1761)  (6944,1809)  (6896,1809)  (6752,1809)  (6847,1617)  (6895,1617)  (6943,1617)  (6945,1665)  (6945,1713)  (6751,1664)  (6751,1616)  (6799,1616)  (6991,1591)  (6705,1761)  (6705,1713)  (6992,1761)  (6992,1809)  (6992,1857)  (6944,1857)  (6896,1857)  (6993,1639)  (6993,1687)  (6703,1665)  (6703,1617)  (7039,1591)  (6657,1741)  (7040,1735)  (7040,1783)  (7040,1831)  (7040,1879)  (7041,1639)  (7041,1687)  (6655,1693)  (6655,1645)  (6655,1597)  (7087,1591)  (7088,1735)  (7088,1783)  (7088,1831)  (7088,1879) 
Atlantic Sea Zone 13  (7103,2244)  (7134,2292)  (7095,2196)  (7134,2340)  (7134,2388)  (7086,2429)  (7134,2436)  (7133,2002)  (7085,1975)  (7036,1969)  (6978,1962)  (7133,1954) 
Corsica  (1227,1121) 
Ontario  (6399,474)  (6351,487)  (6351,439)  (6446,522)  (6399,426)  (6447,426)  (6447,474)  (6317,391)  (6494,522)  (6494,570)  (6365,378)  (6413,378)  (6461,378)  (6542,604)  (6489,618) 
White Sea Zone  (1990,2) 
Atlantic Sea Zone 14  (6871,2645)  (6823,2692)  (6823,2644)  (6918,2693)  (6871,2597)  (6919,2597)  (6919,2645)  (6821,2596)  (6870,2740)  (6822,2740)  (6775,2692)  (6775,2644)  (6966,2693)  (6966,2741)  (6918,2741)  (6774,2741)  (6869,2549)  (6917,2549)  (6965,2549)  (6967,2597)  (6967,2645)  (7013,2503)  (6727,2693)  (7014,2693)  (7014,2741)  (7014,2789)  (6966,2789)  (6918,2789)  (6802,2789)  (6754,2789)  (7015,2551)  (7015,2599)  (7061,2503)  (7062,2647)  (7062,2695)  (7062,2743)  (7062,2791)  (7014,2837)  (6966,2837)  (6918,2837)  (7063,2551)  (7063,2599)  (7064,2839)  (7109,2502)  (7110,2647)  (7110,2695)  (7110,2743)  (7110,2791)  (7016,2885)  (6968,2885)  (6920,2885) 
Ethiopia  (2203,2120)  (2250,2168)  (2202,2168)  (2188,2072)  (2236,2072)  (2251,2120)  (2203,2216)  (2299,2080) 
Oregon  (5759,611)  (5711,655)  (5806,659)  (5776,563)  (5807,611)  (5824,546)  (5854,659)  (5855,594)  (5872,529) 
Ainu Sea Zone  (4446,626)  (4398,646)  (4398,598)  (4493,674)  (4446,578)  (4494,578)  (4494,626)  (4350,606)  (4350,558)  (4541,674)  (4541,722)  (4493,722)  (4542,545)  (4542,593) 
Egypt  (1867,1875)  (1819,1922)  (1819,1874)  (1914,1923)  (1915,1848)  (1813,1826)  (1962,1896)  (1963,1838)  (2010,1886) 
Pacific Sea Zone 15  (5585,2189)  (5537,2236)  (5537,2188)  (5632,2237)  (5585,2141)  (5633,2141)  (5633,2189)  (5535,2140)  (5584,2284)  (5536,2284)  (5489,2236)  (5489,2188)  (5680,2237)  (5680,2285)  (5632,2285)  (5488,2285)  (5583,2093)  (5631,2093)  (5679,2093)  (5681,2141)  (5681,2189)  (5487,2140)  (5487,2092)  (5535,2092)  (5727,2047)  (5584,2332)  (5536,2332)  (5441,2237)  (5441,2189)  (5728,2237)  (5728,2285)  (5728,2333)  (5680,2333)  (5632,2333)  (5488,2333)  (5440,2333)  (5440,2285)  (5583,2045)  (5631,2045)  (5679,2045)  (5729,2095)  (5729,2143)  (5439,2141)  (5439,2093)  (5439,2045)  (5487,2044)  (5535,2044)  (5727,1999)  (5775,1999)  (5775,2047)  (5584,2380)  (5536,2380)  (5393,2237)  (5393,2189) 
Pacific Sea Zone 16  (5655,2671)  (5607,2718)  (5607,2670)  (5702,2719)  (5655,2623)  (5703,2623)  (5703,2671)  (5605,2622)  (5654,2766)  (5606,2766)  (5559,2718)  (5559,2670)  (5750,2719)  (5750,2767)  (5702,2767)  (5558,2767)  (5653,2575)  (5701,2575)  (5749,2575)  (5751,2623)  (5751,2671)  (5557,2622)  (5557,2574)  (5605,2574)  (5797,2529)  (5654,2814)  (5606,2814)  (5511,2719)  (5511,2671)  (5798,2719)  (5798,2767)  (5798,2815)  (5750,2815)  (5702,2815)  (5558,2815)  (5510,2815)  (5510,2767)  (5653,2527)  (5701,2527)  (5749,2527)  (5799,2577)  (5799,2625)  (5509,2623)  (5509,2575)  (5509,2527)  (5557,2526)  (5605,2526)  (5845,2511)  (5654,2862)  (5606,2862)  (5463,2719)  (5463,2671) 
Pacific Sea Zone 17  (6323,2774)  (6275,2821)  (6275,2773)  (6370,2822)  (6323,2726)  (6371,2726)  (6371,2774)  (6273,2725)  (6322,2869)  (6274,2869)  (6227,2821)  (6227,2773)  (6418,2822)  (6418,2870)  (6370,2870)  (6226,2870)  (6321,2678)  (6369,2678)  (6417,2678)  (6419,2726)  (6419,2774)  (6225,2725)  (6225,2677)  (6273,2677)  (6465,2660)  (6322,2917)  (6274,2917)  (6179,2822)  (6179,2774)  (6466,2822)  (6466,2870)  (6466,2918)  (6418,2918)  (6370,2918)  (6226,2918)  (6178,2918)  (6178,2870)  (6467,2708)  (6467,2756)  (6177,2726)  (6177,2678)  (6514,2804)  (6514,2852)  (6514,2900)  (6514,2948)  (6515,2689)  (6515,2737)  (6562,2812)  (6562,2860)  (6562,2908)  (6610,2862)  (6610,2910) 
Pacific Sea Zone 18  (6199,2361)  (6151,2408)  (6151,2360)  (6246,2409)  (6199,2313)  (6247,2313)  (6247,2361)  (6149,2312)  (6198,2456)  (6150,2456)  (6103,2408)  (6103,2360)  (6294,2409)  (6294,2457)  (6246,2457)  (6102,2457)  (6197,2265)  (6245,2265)  (6293,2265)  (6295,2313)  (6295,2361)  (6101,2312)  (6101,2264)  (6149,2264)  (6341,2219)  (6198,2504)  (6150,2504)  (6055,2367)  (6342,2409)  (6342,2457)  (6342,2505)  (6294,2505)  (6246,2505)  (6197,2217)  (6245,2217)  (6293,2217)  (6343,2267)  (6343,2315)  (6053,2319)  (6053,2271)  (6053,2223)  (6101,2216)  (6149,2216)  (6012,2175)  (6198,2552)  (6150,2552)  (6390,2363)  (6390,2411)  (6390,2459)  (6390,2507)  (6342,2553)  (6294,2553)  (6246,2553) 
North England  (929,305) 
Pacific Sea Zone 19  (6045,1884)  (5997,1931)  (5997,1883)  (6092,1932)  (6045,1836)  (6093,1836)  (6093,1884)  (5995,1835)  (6044,1979)  (5996,1979)  (5949,1931)  (5949,1883)  (6140,1932)  (6140,1980)  (6092,1980)  (5948,1980)  (6043,1788)  (6091,1788)  (6141,1802)  (6141,1850)  (5947,1835)  (5947,1787)  (5995,1787)  (6044,2027)  (5996,2027)  (6188,1898)  (6188,1946)  (6188,1994)  (6140,2028)  (6092,2028)  (5948,2028)  (6043,1740)  (6091,1740)  (6189,1832)  (5927,1739)  (5975,1739)  (6202,2042)  (6044,2075)  (5996,2075)  (6236,1880)  (5927,1691)  (5975,1691) 
Bolivia  (6554,2236)  (6601,2284)  (6553,2284)  (6516,2188)  (6564,2188)  (6602,2236)  (6649,2284)  (6756,2376) 
Malta  (1658,1483) 
Swiss Alps  (1185,849)  (1233,825) 
Argonne  (1083,699)  (1131,712) 
Yukon  (5876,202)  (5828,249)  (5828,201)  (5923,250)  (5876,154)  (5924,154)  (5924,202)  (5780,263)  (5780,215)  (5971,250)  (5886,106)  (5934,106)  (5972,154)  (5972,202)  (5982,96)  (6019,250)  (6020,144)  (6020,192)  (6030,90)  (6067,240)  (6068,138)  (6068,186)  (6078,89)  (6115,234)  (6116,137)  (6116,185)  (6143,89)  (6164,137)  (6164,185) 
Pacific Sea Zone 10  (5511,671)  (5463,718)  (5514,719)  (5495,623)  (5543,623)  (5559,671)  (5591,591)  (5466,766)  (5512,575)  (5607,639)  (5607,687)  (5639,569)  (5492,814)  (5444,814)  (5499,862)  (5451,862)  (5403,889)  (5547,909)  (5499,910)  (5451,910)  (5403,937)  (5496,958) 
Pacific Sea Zone 11  (5046,943)  (4998,990)  (4998,942)  (5093,991)  (5046,895)  (5094,895)  (5094,943)  (5045,1038)  (4997,1038)  (4950,990)  (5141,991)  (5141,1039)  (5093,1039)  (4949,1039)  (5033,847)  (5081,847)  (5129,847)  (5142,895)  (5142,943)  (5177,812)  (5045,1086)  (4997,1086)  (5189,991)  (5140,1087)  (4949,1087)  (4901,1087)  (5063,799)  (5111,799)  (5190,860)  (5190,908)  (5159,764)  (5207,764)  (5225,812)  (5092,1134)  (5044,1134)  (5237,956)  (5237,1004)  (4996,1135)  (4948,1135)  (4900,1135)  (5093,751)  (5238,860)  (5238,908)  (4852,1136)  (5255,734)  (5141,716)  (5189,716)  (5273,782)  (5084,1182)  (5285,956)  (5036,1183)  (4988,1183)  (4940,1183) 
Pacific Sea Zone 12  (5045,1452)  (4997,1494)  (4997,1446)  (5092,1500)  (5045,1404)  (5093,1404)  (5093,1452)  (4990,1398)  (5044,1542)  (5140,1500)  (5140,1548)  (5092,1548)  (5038,1356)  (5141,1402)  (5141,1450)  (4942,1422)  (4942,1374)  (4990,1350)  (4918,1326)  (5188,1498)  (5188,1546)  (5188,1594)  (5140,1596)  (5092,1596)  (5038,1308)  (5189,1430)  (4966,1302)  (4870,1329)  (4870,1281)  (4918,1278)  (5234,1642)  (5236,1547)  (5186,1644)  (5138,1644)  (5014,1260)  (5282,1595)  (5282,1643)  (5234,1690)  (5283,1691)  (5186,1692)  (5330,1568)  (5330,1616)  (5235,1738)  (5331,1664)  (5331,1712)  (5283,1739)  (5187,1740)  (5378,1561)  (5378,1609)  (5235,1786)  (5379,1657) 
Pacific Sea Zone 13  (5327,1242)  (5279,1289)  (5279,1241)  (5374,1290)  (5327,1194)  (5375,1194)  (5375,1242)  (5277,1193)  (5326,1337)  (5278,1337)  (5231,1289)  (5231,1241)  (5422,1290)  (5422,1338)  (5374,1338)  (5230,1338)  (5325,1146)  (5373,1146)  (5421,1146)  (5423,1194)  (5423,1242)  (5229,1193)  (5229,1145)  (5277,1145)  (5469,1100)  (5183,1290)  (5183,1242)  (5470,1290)  (5470,1338)  (5470,1386)  (5182,1349)  (5325,1098)  (5373,1098)  (5421,1098)  (5471,1148)  (5471,1196)  (5181,1194)  (5213,1097)  (5261,1097)  (5469,1052)  (5517,1052)  (5517,1100)  (5135,1301)  (5135,1253)  (5518,1244)  (5518,1292)  (5518,1340)  (5518,1388)  (5318,1050)  (5366,1050)  (5414,1050)  (5519,1148)  (5519,1196) 
Ireland  (516,331)  (564,287)  (564,335)  (612,257) 
Pacific Sea Zone 14  (5538,1725)  (5490,1772)  (5490,1724)  (5585,1773)  (5538,1677)  (5586,1677)  (5586,1725)  (5488,1676)  (5537,1820)  (5489,1820)  (5442,1772)  (5442,1724)  (5633,1773)  (5633,1821)  (5585,1821)  (5441,1821)  (5536,1629)  (5584,1629)  (5632,1629)  (5634,1677)  (5634,1725)  (5476,1628)  (5680,1583)  (5537,1868)  (5489,1868)  (5681,1773)  (5681,1821)  (5681,1869)  (5633,1869)  (5585,1869)  (5441,1869)  (5393,1869)  (5393,1821)  (5524,1581)  (5572,1581)  (5620,1581)  (5682,1631)  (5682,1679)  (5728,1545)  (5729,1727)  (5729,1775)  (5729,1823)  (5729,1871)  (5345,1891)  (5730,1593)  (5730,1641)  (5776,1541)  (5777,1689)  (5777,1737)  (5777,1785)  (5777,1833)  (5777,1881) 
Sahara Desert  (1104,1893)  (1056,1915)  (1152,1877)  (1039,1867)  (1008,1920)  (1200,1870)  (1200,1918)  (991,1872)  (960,1930)  (1248,1856)  (1248,1904)  (1296,1847)  (1296,1895)  (1344,1839)  (1344,1887)  (1392,1850)  (1392,1898)  (1421,1946)  (1440,1855)  (1457,1994)  (743,1728)  (1469,1903)  (1505,1951)  (1505,1999)  (695,1720)  (1517,1879)  (1553,1927)  (1553,1975)  (647,1712) 
Aden Sea Zone  (2427,2067)  (2379,2114)  (2474,2115)  (2404,2019)  (2452,2019)  (2475,2067)  (2500,1994)  (2426,2162)  (2378,2162)  (2522,2115)  (2522,2163)  (2474,2163)  (2523,2042)  (2543,1946)  (2548,1994)  (2570,2090)  (2570,2138)  (2571,2042)  (2591,1905)  (2596,1953) 
Lithuania  (1767,394)  (1815,371)  (1828,323)  (1863,371) 
Hudson Sea Zone  (6476,269)  (6428,285)  (6523,317)  (6496,221)  (6524,269)  (6544,204)  (6571,317)  (6572,252)  (6608,204)  (6675,149)  (6735,114) 
Magadan  (3974,247)  (3926,294)  (3926,246)  (3983,295)  (3974,199)  (4022,199)  (4022,247)  (3924,198)  (3933,342)  (4070,185)  (4070,233)  (3885,354)  (4118,189)  (4118,237)  (4166,213)  (4166,261) 
Papua  (4097,2077) 
West Bering Sea Zone  (4524,385)  (4476,432)  (4476,384)  (4571,433)  (4524,337)  (4572,337)  (4572,385)  (4474,336)  (4523,480)  (4475,480)  (4428,432)  (4428,384)  (4619,433)  (4619,481)  (4571,481)  (4427,481)  (4522,289)  (4570,289)  (4618,289)  (4620,337)  (4620,385)  (4426,336)  (4666,243)  (4667,433)  (4667,481)  (4379,502)  (4379,454)  (4608,241)  (4668,291)  (4668,339)  (4714,205)  (4715,387)  (4715,435)  (4715,483)  (4716,253)  (4716,301)  (4723,157)  (4762,205)  (4764,253)  (4764,301)  (4771,138)  (4668,123)  (4819,122) 
Maginot  (1119,796)  (1167,769) 
Biscay Sea Zone  (593,827)  (545,874)  (545,826)  (640,875)  (593,779)  (641,779)  (641,827)  (543,778)  (688,875)  (688,923)  (640,923)  (591,731)  (639,731)  (687,731)  (689,779)  (689,827)  (539,730)  (736,875)  (736,923)  (587,683)  (635,683)  (683,683)  (737,763)  (737,811)  (539,682)  (784,859)  (587,635)  (635,635)  (683,635)  (539,634)  (587,587)  (635,587)  (683,587)  (539,586)  (587,539)  (635,539)  (539,538) 
West Baltic Sea Zone  (1403,413)  (1503,421)  (1567,398)  (1578,348) 
Newfoundland  (6880,523) 
Burma  (3262,1554)  (3262,1602)  (3248,1506) 
Wake  (4803,1731) 
North Italy  (1301,954)  (1253,949)  (1348,1002)  (1301,906)  (1349,906)  (1349,954)  (1205,950)  (1397,876) 
Stalingrad  (2466,379)  (2507,427)  (2451,331)  (2499,331)  (2514,379) 
Washington DC  (6411,993)  (6445,1041)  (6398,945)  (6446,945)  (6459,993) 
Norway  (1269,246)  (1277,294)  (1317,211)  (1325,259)  (1365,194)  (1373,242) 
North Australia  (3959,2413)  (3911,2430)  (3911,2382)  (3959,2365)  (4007,2365)  (4007,2413)  (3909,2334)  (3957,2317)  (4055,2356)  (4055,2404) 
Amur  (3682,372)  (3634,419)  (3634,371)  (3722,324)  (3730,372)  (3770,323)  (3637,467)  (3818,320)  (3818,368) 
Luzon  (3738,1709) 
Denmark  (1330,467)  (1378,486)  (1301,390) 
Mexico  (5832,1330)  (5784,1305)  (5879,1378)  (5831,1378)  (5832,1282)  (5880,1282)  (5880,1330)  (5771,1257)  (5927,1378)  (5927,1426)  (5879,1426)  (5819,1234)  (5867,1234)  (5915,1234)  (5928,1310)  (5754,1209)  (5936,1474)  (5888,1474)  (5840,1474)  (5802,1186)  (5744,1161)  (5942,1522)  (5894,1522)  (5805,1138)  (5973,1570)  (5925,1570)  (6032,1571)  (6118,1502) 
Uganda  (1906,2203)  (1918,2251) 
South Italy  (1556,1188) 
Paris  (966,804)  (1013,852)  (968,756)  (1014,804)  (1016,754)  (1062,802) 
Greenland  (7349,102)  (7301,56)  (7396,150)  (7348,150)  (7349,54)  (7397,54)  (7397,102)  (7300,157)  (7293,8)  (7444,150)  (7361,198)  (7341,6)  (7389,6)  (7437,6)  (7445,54)  (7445,102)  (7313,205)  (7265,205)  (7314,253) 